5.350000000000000311e-01 4.000000000000000083e-02 5.870000000000000107e+00 2.999999999999999889e-02 6.250000000000000000e-01 5.000000000000000278e-02 4.500000000000000000e+00 1.000000000000000021e-03 4.000000000000000000e+00
5.430000000000000382e-01 4.000000000000000083e-02 5.129999999999999893e+00 2.000000000000000042e-02 6.250000000000000000e-01 5.000000000000000278e-02 4.500000000000000000e+00 1.000000000000000021e-03 4.000000000000000000e+00
5.659999999999999476e-01 4.000000000000000083e-02 5.450000000000000178e+00 2.000000000000000042e-02 6.250000000000000000e-01 5.000000000000000278e-02 4.500000000000000000e+00 1.000000000000000021e-03 4.000000000000000000e+00
5.969999999999999751e-01 4.000000000000000083e-02 8.050000000000000711e+00 5.999999999999999778e-02 6.250000000000000000e-01 5.000000000000000278e-02 4.500000000000000000e+00 1.000000000000000021e-03 4.000000000000000000e+00
6.009999999999999787e-01 4.000000000000000083e-02 7.099999999999999645e+00 5.000000000000000278e-02 6.250000000000000000e-01 5.000000000000000278e-02 4.500000000000000000e+00 1.000000000000000021e-03 4.000000000000000000e+00
6.029999999999999805e-01 4.000000000000000083e-02 6.459999999999999964e+00 2.999999999999999889e-02 6.250000000000000000e-01 5.000000000000000278e-02 4.500000000000000000e+00 1.000000000000000021e-03 4.000000000000000000e+00
6.089999999999999858e-01 4.000000000000000083e-02 7.309999999999999609e+00 2.999999999999999889e-02 6.250000000000000000e-01 5.000000000000000278e-02 4.500000000000000000e+00 1.000000000000000021e-03 4.000000000000000000e+00
6.320000000000000062e-01 4.000000000000000083e-02 7.730000000000000426e+00 5.999999999999999778e-02 6.250000000000000000e-01 5.000000000000000278e-02 4.500000000000000000e+00 1.000000000000000021e-03 4.000000000000000000e+00
6.340000000000000080e-01 4.000000000000000083e-02 8.550000000000000711e+00 2.999999999999999889e-02 6.250000000000000000e-01 5.000000000000000278e-02 4.500000000000000000e+00 1.000000000000000021e-03 4.000000000000000000e+00
7.409999999999999920e-01 4.000000000000000083e-02 9.039999999999999147e+00 4.000000000000000083e-02 6.250000000000000000e-01 5.000000000000000278e-02 4.500000000000000000e+00 1.000000000000000021e-03 4.000000000000000000e+00
7.429999999999999938e-01 4.000000000000000083e-02 9.390000000000000568e+00 5.000000000000000278e-02 6.250000000000000000e-01 5.000000000000000278e-02 4.500000000000000000e+00 1.000000000000000021e-03 4.000000000000000000e+00
7.459999999999999964e-01 4.000000000000000083e-02 1.151999999999999957e+01 5.999999999999999778e-02 6.250000000000000000e-01 5.000000000000000278e-02 4.500000000000000000e+00 1.000000000000000021e-03 4.000000000000000000e+00
8.159999999999999476e-01 4.000000000000000083e-02 8.980000000000000426e+00 1.000000000000000056e-01 6.250000000000000000e-01 5.000000000000000278e-02 4.500000000000000000e+00 1.000000000000000021e-03 4.000000000000000000e+00
8.309999999999999609e-01 4.000000000000000083e-02 1.138000000000000078e+01 8.999999999999999667e-02 6.250000000000000000e-01 5.000000000000000278e-02 4.500000000000000000e+00 1.000000000000000021e-03 4.000000000000000000e+00
8.830000000000000071e-01 4.000000000000000083e-02 9.359999999999999432e+00 4.000000000000000083e-02 6.250000000000000000e-01 5.000000000000000278e-02 4.500000000000000000e+00 1.000000000000000021e-03 4.000000000000000000e+00
9.070000000000000284e-01 4.000000000000000083e-02 1.025999999999999979e+01 5.000000000000000278e-02 6.250000000000000000e-01 5.000000000000000278e-02 4.500000000000000000e+00 1.000000000000000021e-03 4.000000000000000000e+00
9.869999999999999885e-01 4.000000000000000083e-02 1.264000000000000057e+01 1.499999999999999944e-01 6.250000000000000000e-01 5.000000000000000278e-02 4.500000000000000000e+00 1.000000000000000021e-03 4.000000000000000000e+00
1.030999999999999917e+00 4.000000000000000083e-02 1.082000000000000028e+01 7.000000000000000666e-02 6.250000000000000000e-01 5.000000000000000278e-02 4.500000000000000000e+00 1.000000000000000021e-03 4.000000000000000000e+00
1.058000000000000052e+00 4.000000000000000083e-02 1.188000000000000078e+01 5.999999999999999778e-02 6.250000000000000000e-01 5.000000000000000278e-02 4.500000000000000000e+00 1.000000000000000021e-03 4.000000000000000000e+00
1.066999999999999948e+00 4.000000000000000083e-02 1.191999999999999993e+01 7.000000000000000666e-02 6.250000000000000000e-01 5.000000000000000278e-02 4.500000000000000000e+00 1.000000000000000021e-03 4.000000000000000000e+00
1.237000000000000099e+00 4.000000000000000083e-02 1.414000000000000057e+01 1.400000000000000133e-01 6.250000000000000000e-01 5.000000000000000278e-02 4.500000000000000000e+00 1.000000000000000021e-03 4.000000000000000000e+00
1.356999999999999984e+00 4.000000000000000083e-02 3.660000000000000142e+00 1.000000000000000021e-02 6.250000000000000000e-01 5.000000000000000278e-02 4.500000000000000000e+00 1.000000000000000021e-03 4.000000000000000000e+00
5.966999999999994531e-01 4.000000000000000083e-02 6.692230989044817946e+00 4.926455117180496279e-02 5.879999999999999671e-01 1.370000000000000107e-01 4.500000000000000000e+00 1.000000000000000021e-03 5.000000000000000000e+00
4.697000000000005615e-01 4.000000000000000083e-02 2.589593459722758340e+00 7.376593715302774343e-03 5.879999999999999671e-01 1.370000000000000107e-01 4.500000000000000000e+00 1.000000000000000021e-03 5.000000000000000000e+00
5.196999999999994957e-01 4.000000000000000083e-02 2.897895548252858777e+00 9.237578469442111681e-03 5.879999999999999671e-01 1.370000000000000107e-01 4.500000000000000000e+00 1.000000000000000021e-03 5.000000000000000000e+00
5.117000000000003768e-01 4.000000000000000083e-02 3.226212329938282775e+00 1.144929059763038354e-02 5.879999999999999671e-01 1.370000000000000107e-01 4.500000000000000000e+00 1.000000000000000021e-03 5.000000000000000000e+00
5.396999999999990694e-01 4.000000000000000083e-02 2.994236095516131346e+00 9.861994775260856175e-03 5.879999999999999671e-01 1.370000000000000107e-01 4.500000000000000000e+00 1.000000000000000021e-03 5.000000000000000000e+00
6.186999999999996946e-01 4.000000000000000083e-02 7.105199585056343636e+00 5.553224725783333093e-02 5.879999999999999671e-01 1.370000000000000107e-01 4.500000000000000000e+00 1.000000000000000021e-03 5.000000000000000000e+00
5.587000000000009736e-01 4.000000000000000083e-02 4.019809621816310852e+00 1.777475633521169093e-02 5.879999999999999671e-01 1.370000000000000107e-01 4.500000000000000000e+00 1.000000000000000021e-03 5.000000000000000000e+00
4.886999999999989130e-01 4.000000000000000083e-02 4.149394810766850128e+00 1.893922502518075035e-02 5.879999999999999671e-01 1.370000000000000107e-01 4.500000000000000000e+00 1.000000000000000021e-03 5.000000000000000000e+00
5.166999999999993820e-01 4.000000000000000083e-02 4.198487704728756320e+00 1.939002890743439511e-02 5.879999999999999671e-01 1.370000000000000107e-01 4.500000000000000000e+00 1.000000000000000021e-03 5.000000000000000000e+00
5.557000000000008599e-01 4.000000000000000083e-02 3.742080821461581941e+00 6.301425993457764052e-02 5.879999999999999671e-01 1.370000000000000107e-01 4.500000000000000000e+00 1.000000000000000021e-03 5.000000000000000000e+00
5.507000000000000783e-01 4.000000000000000083e-02 4.299651298279709266e+00 2.033570141547822938e-02 5.879999999999999671e-01 1.370000000000000107e-01 4.500000000000000000e+00 1.000000000000000021e-03 5.000000000000000000e+00
5.917000000000004478e-01 4.000000000000000083e-02 4.144115770018151679e+00 1.889106506684445214e-02 5.879999999999999671e-01 1.370000000000000107e-01 4.500000000000000000e+00 1.000000000000000021e-03 5.000000000000000000e+00
5.437000000000004052e-01 4.000000000000000083e-02 5.631486768821836186e+00 3.488500755015695037e-02 5.879999999999999671e-01 1.370000000000000107e-01 4.500000000000000000e+00 1.000000000000000021e-03 5.000000000000000000e+00
5.786999999999987709e-01 4.000000000000000083e-02 5.738386939431325828e+00 3.951490159996321611e-02 5.879999999999999671e-01 1.370000000000000107e-01 4.500000000000000000e+00 1.000000000000000021e-03 5.000000000000000000e+00
5.976999999999988988e-01 4.000000000000000083e-02 4.822158784044440871e+00 4.301844837629337226e-01 5.879999999999999671e-01 1.370000000000000107e-01 4.500000000000000000e+00 1.000000000000000021e-03 5.000000000000000000e+00
6.036999999999991262e-01 4.000000000000000083e-02 6.081282420836905622e+00 4.068019547017797527e-02 5.879999999999999671e-01 1.370000000000000107e-01 4.500000000000000000e+00 1.000000000000000021e-03 5.000000000000000000e+00
5.476999999999999647e-01 4.000000000000000083e-02 5.579641005897681083e+00 3.424563313016437682e-02 5.879999999999999671e-01 1.370000000000000107e-01 4.500000000000000000e+00 1.000000000000000021e-03 5.000000000000000000e+00
5.887000000000003341e-01 4.000000000000000083e-02 6.138396282587211594e+00 4.144789981428854964e-02 5.879999999999999671e-01 1.370000000000000107e-01 4.500000000000000000e+00 1.000000000000000021e-03 5.000000000000000000e+00
5.467000000000005189e-01 4.000000000000000083e-02 4.534674387705591059e+00 2.261959898276438494e-02 5.879999999999999671e-01 1.370000000000000107e-01 4.500000000000000000e+00 1.000000000000000021e-03 5.000000000000000000e+00
5.947000000000005615e-01 4.000000000000000083e-02 5.946752775646857891e+00 3.890025543212997233e-02 5.879999999999999671e-01 1.370000000000000107e-01 4.500000000000000000e+00 1.000000000000000021e-03 5.000000000000000000e+00
6.167000000000008031e-01 4.000000000000000083e-02 6.518012527620077989e+00 4.673293604123350542e-02 5.879999999999999671e-01 1.370000000000000107e-01 4.500000000000000000e+00 1.000000000000000021e-03 5.000000000000000000e+00
6.696999999999998510e-01 4.000000000000000083e-02 1.047745774965162369e+01 1.207548329853083691e-01 5.879999999999999671e-01 1.370000000000000107e-01 4.500000000000000000e+00 1.000000000000000021e-03 5.000000000000000000e+00
6.456999999999989415e-01 4.000000000000000083e-02 6.185554256589161248e+00 4.208718960732912850e-02 5.879999999999999671e-01 1.370000000000000107e-01 4.500000000000000000e+00 1.000000000000000021e-03 5.000000000000000000e+00
5.677000000000013147e-01 4.000000000000000083e-02 7.381980585391060501e+00 5.994300109939960236e-02 5.879999999999999671e-01 1.370000000000000107e-01 4.500000000000000000e+00 1.000000000000000021e-03 5.000000000000000000e+00
6.417000000000011584e-01 4.000000000000000083e-02 6.595653464366981744e+00 4.785290908421779149e-02 5.879999999999999671e-01 1.370000000000000107e-01 4.500000000000000000e+00 1.000000000000000021e-03 5.000000000000000000e+00
5.736999999999997657e-01 4.000000000000000083e-02 6.584708988786240447e+00 4.769423171370254511e-02 5.879999999999999671e-01 1.370000000000000107e-01 4.500000000000000000e+00 1.000000000000000021e-03 5.000000000000000000e+00
7.406999999999995810e-01 4.000000000000000083e-02 7.322091482210979052e+00 5.897432604125323052e-02 5.879999999999999671e-01 1.370000000000000107e-01 4.500000000000000000e+00 1.000000000000000021e-03 5.000000000000000000e+00
5.507000000000000783e-01 4.000000000000000083e-02 7.204091924212953302e+00 2.335452320362963186e-01 5.879999999999999671e-01 1.370000000000000107e-01 4.500000000000000000e+00 1.000000000000000021e-03 5.000000000000000000e+00
5.597000000000004194e-01 4.000000000000000083e-02 7.030025237790603398e+00 2.223956467978776830e-01 5.879999999999999671e-01 1.370000000000000107e-01 4.500000000000000000e+00 1.000000000000000021e-03 5.000000000000000000e+00
7.077000000000001068e-01 4.000000000000000083e-02 7.138370167323397020e+00 5.605196151030593377e-02 5.879999999999999671e-01 1.370000000000000107e-01 4.500000000000000000e+00 1.000000000000000021e-03 5.000000000000000000e+00
6.346999999999997089e-01 4.000000000000000083e-02 6.744998583550297688e+00 2.047275265144298251e-01 5.879999999999999671e-01 1.370000000000000107e-01 4.500000000000000000e+00 1.000000000000000021e-03 5.000000000000000000e+00
6.587000000000006183e-01 4.000000000000000083e-02 7.044287435104501505e+00 5.458418401520827995e-02 5.879999999999999671e-01 1.370000000000000107e-01 4.500000000000000000e+00 1.000000000000000021e-03 5.000000000000000000e+00
6.986999999999997657e-01 4.000000000000000083e-02 8.056394763343403653e+00 7.139604624110972020e-02 5.879999999999999671e-01 1.370000000000000107e-01 4.500000000000000000e+00 1.000000000000000021e-03 5.000000000000000000e+00
7.527000000000000357e-01 4.000000000000000083e-02 7.207311096376163739e+00 5.713986656394168251e-02 5.879999999999999671e-01 1.370000000000000107e-01 4.500000000000000000e+00 1.000000000000000021e-03 5.000000000000000000e+00
6.817000000000003057e-01 4.000000000000000083e-02 7.906450873267498736e+00 6.876316195253162622e-02 5.879999999999999671e-01 1.370000000000000107e-01 4.500000000000000000e+00 1.000000000000000021e-03 5.000000000000000000e+00
6.947000000000002062e-01 4.000000000000000083e-02 7.012819433925215229e+00 5.409760005412309752e-02 5.879999999999999671e-01 1.370000000000000107e-01 4.500000000000000000e+00 1.000000000000000021e-03 5.000000000000000000e+00
6.886999999999999789e-01 4.000000000000000083e-02 1.022421708057705381e+01 1.149880764018399310e-01 5.879999999999999671e-01 1.370000000000000107e-01 4.500000000000000000e+00 1.000000000000000021e-03 5.000000000000000000e+00
7.676999999999988278e-01 4.000000000000000083e-02 8.039489974756001800e+00 7.109673895962248524e-02 5.879999999999999671e-01 1.370000000000000107e-01 4.500000000000000000e+00 1.000000000000000021e-03 5.000000000000000000e+00
7.466999999999998083e-01 4.000000000000000083e-02 8.172939397654365834e+00 1.235743360358021681e+00 5.879999999999999671e-01 1.370000000000000107e-01 4.500000000000000000e+00 1.000000000000000021e-03 5.000000000000000000e+00
6.606999999999995099e-01 4.000000000000000083e-02 7.577766832114575912e+00 6.316480517808535644e-02 5.879999999999999671e-01 1.370000000000000107e-01 4.500000000000000000e+00 1.000000000000000021e-03 5.000000000000000000e+00
6.546999999999992825e-01 4.000000000000000083e-02 8.335417187630241642e+00 7.642709766102581681e-02 5.879999999999999671e-01 1.370000000000000107e-01 4.500000000000000000e+00 1.000000000000000021e-03 5.000000000000000000e+00
6.856999999999998652e-01 4.000000000000000083e-02 8.204185775582702789e+00 1.245210288445060653e+00 5.879999999999999671e-01 1.370000000000000107e-01 4.500000000000000000e+00 1.000000000000000021e-03 5.000000000000000000e+00
6.966999999999990978e-01 4.000000000000000083e-02 7.965081084525440502e+00 6.978676835137147261e-02 5.879999999999999671e-01 1.370000000000000107e-01 4.500000000000000000e+00 1.000000000000000021e-03 5.000000000000000000e+00
7.086999999999995525e-01 4.000000000000000083e-02 8.061200635222609989e+00 7.148125124944476605e-02 5.879999999999999671e-01 1.370000000000000107e-01 4.500000000000000000e+00 1.000000000000000021e-03 5.000000000000000000e+00
7.187000000000011157e-01 4.000000000000000083e-02 8.366310540714650301e+00 7.699466727004036781e-02 5.879999999999999671e-01 1.370000000000000107e-01 4.500000000000000000e+00 1.000000000000000021e-03 5.000000000000000000e+00
6.866999999999993110e-01 4.000000000000000083e-02 8.761707832090630532e+00 1.420199196495988581e+00 5.879999999999999671e-01 1.370000000000000107e-01 4.500000000000000000e+00 1.000000000000000021e-03 5.000000000000000000e+00
8.487000000000001210e-01 4.000000000000000083e-02 7.138523039583111185e+00 5.605436230532479663e-02 5.879999999999999671e-01 1.370000000000000107e-01 4.500000000000000000e+00 1.000000000000000021e-03 5.000000000000000000e+00
7.197000000000005615e-01 4.000000000000000083e-02 7.449566435233469619e+00 2.497321803283069630e-01 5.879999999999999671e-01 1.370000000000000107e-01 4.500000000000000000e+00 1.000000000000000021e-03 5.000000000000000000e+00
6.856999999999998652e-01 4.000000000000000083e-02 7.966603996048564618e+00 6.981345715284265063e-02 5.879999999999999671e-01 1.370000000000000107e-01 4.500000000000000000e+00 1.000000000000000021e-03 5.000000000000000000e+00
7.436999999999996946e-01 4.000000000000000083e-02 9.081249943242188039e+00 9.071601058479987489e-02 5.879999999999999671e-01 1.370000000000000107e-01 4.500000000000000000e+00 1.000000000000000021e-03 5.000000000000000000e+00
6.867000000000010873e-01 4.000000000000000083e-02 9.194641363013635882e+00 9.299557277388538490e-02 5.879999999999999671e-01 1.370000000000000107e-01 4.500000000000000000e+00 1.000000000000000021e-03 5.000000000000000000e+00
7.197000000000005615e-01 4.000000000000000083e-02 9.124587112433163227e+00 9.158389896961950660e-02 5.879999999999999671e-01 1.370000000000000107e-01 4.500000000000000000e+00 1.000000000000000021e-03 5.000000000000000000e+00
7.496999999999999220e-01 4.000000000000000083e-02 8.692401971436765962e+00 3.400103341486700459e-01 5.879999999999999671e-01 1.370000000000000107e-01 4.500000000000000000e+00 1.000000000000000021e-03 5.000000000000000000e+00
8.716999999999998083e-01 4.000000000000000083e-02 8.290842764166978185e+00 3.093213318306297088e-01 5.879999999999999671e-01 1.370000000000000107e-01 4.500000000000000000e+00 1.000000000000000021e-03 5.000000000000000000e+00
8.997000000000002773e-01 4.000000000000000083e-02 1.048712705154422942e+01 1.209778171747538655e-01 5.879999999999999671e-01 1.370000000000000107e-01 4.500000000000000000e+00 1.000000000000000021e-03 5.000000000000000000e+00
7.597000000000014852e-01 4.000000000000000083e-02 9.006412565746812149e+00 8.922701403488628169e-02 5.879999999999999671e-01 1.370000000000000107e-01 4.500000000000000000e+00 1.000000000000000021e-03 5.000000000000000000e+00
7.257000000000007889e-01 4.000000000000000083e-02 9.464319515426840468e+00 9.853067827909828269e-02 5.879999999999999671e-01 1.370000000000000107e-01 4.500000000000000000e+00 1.000000000000000021e-03 5.000000000000000000e+00
1.010699999999999044e+00 4.000000000000000083e-02 1.076171412582596076e+01 1.273959400186022439e-01 5.879999999999999671e-01 1.370000000000000107e-01 4.500000000000000000e+00 1.000000000000000021e-03 5.000000000000000000e+00
9.707000000000000073e-01 4.000000000000000083e-02 1.069072793166486690e+01 1.257208300797673095e-01 5.879999999999999671e-01 1.370000000000000107e-01 4.500000000000000000e+00 1.000000000000000021e-03 5.000000000000000000e+00
9.496999999999992115e-01 4.000000000000000083e-02 1.089004323347163705e+01 1.304523457895695182e-01 5.879999999999999671e-01 1.370000000000000107e-01 4.500000000000000000e+00 1.000000000000000021e-03 5.000000000000000000e+00
9.996999999999999220e-01 4.000000000000000083e-02 1.075176328917942570e+01 1.271604552092010509e-01 5.879999999999999671e-01 1.370000000000000107e-01 4.500000000000000000e+00 1.000000000000000021e-03 5.000000000000000000e+00
1.074699999999999100e+00 4.000000000000000083e-02 1.062044648357016818e+01 1.240732718614157570e-01 5.879999999999999671e-01 1.370000000000000107e-01 4.500000000000000000e+00 1.000000000000000021e-03 5.000000000000000000e+00
1.125700000000001033e+00 4.000000000000000083e-02 1.288759440162899317e+01 7.474054025740453078e-01 5.879999999999999671e-01 1.370000000000000107e-01 4.500000000000000000e+00 1.000000000000000021e-03 5.000000000000000000e+00
1.105699999999999683e+00 4.000000000000000083e-02 1.147591778652497752e+01 1.448663579473883911e-01 5.879999999999999671e-01 1.370000000000000107e-01 4.500000000000000000e+00 1.000000000000000021e-03 5.000000000000000000e+00
1.063699999999999868e+00 4.000000000000000083e-02 1.158010537895894920e+01 1.475087246465733859e-01 5.879999999999999671e-01 1.370000000000000107e-01 4.500000000000000000e+00 1.000000000000000021e-03 5.000000000000000000e+00
1.104700000000000237e+00 4.000000000000000083e-02 1.188792068379319744e+01 1.554549240025739354e-01 5.879999999999999671e-01 1.370000000000000107e-01 4.500000000000000000e+00 1.000000000000000021e-03 5.000000000000000000e+00
1.108699999999999797e+00 4.000000000000000083e-02 1.219081056699459964e+01 6.687713802615622427e-01 5.879999999999999671e-01 1.370000000000000107e-01 4.500000000000000000e+00 1.000000000000000021e-03 5.000000000000000000e+00
1.135699999999999044e+00 4.000000000000000083e-02 1.101928374655647502e+01 5.464107642920565944e-01 5.879999999999999671e-01 1.370000000000000107e-01 4.500000000000000000e+00 1.000000000000000021e-03 5.000000000000000000e+00
1.119699999999999029e+00 4.000000000000000083e-02 1.162574404761904745e+01 1.486737171268247004e-01 5.879999999999999671e-01 1.370000000000000107e-01 4.500000000000000000e+00 1.000000000000000021e-03 5.000000000000000000e+00
1.054700000000001303e+00 4.000000000000000083e-02 1.422576285653318173e+01 2.226095617353510692e-01 5.879999999999999671e-01 1.370000000000000107e-01 4.500000000000000000e+00 1.000000000000000021e-03 5.000000000000000000e+00
1.219699999999998674e+00 4.000000000000000083e-02 1.253934218610891627e+01 7.075579610714882728e-01 5.879999999999999671e-01 1.370000000000000107e-01 4.500000000000000000e+00 1.000000000000000021e-03 5.000000000000000000e+00
1.153700000000001502e+00 4.000000000000000083e-02 1.092740922054790076e+01 1.313490995006468265e-01 5.879999999999999671e-01 1.370000000000000107e-01 4.500000000000000000e+00 1.000000000000000021e-03 5.000000000000000000e+00
1.199699999999999100e+00 4.000000000000000083e-02 1.175046708106647309e+01 1.518808242855495261e-01 5.879999999999999671e-01 1.370000000000000107e-01 4.500000000000000000e+00 1.000000000000000021e-03 5.000000000000000000e+00
1.194700000000000095e+00 4.000000000000000083e-02 1.160308177852037481e+01 1.480946574349347178e-01 5.879999999999999671e-01 1.370000000000000107e-01 4.500000000000000000e+00 1.000000000000000021e-03 5.000000000000000000e+00
1.058699999999999086e+00 4.000000000000000083e-02 1.072593101081173828e+01 1.265501556535622296e-01 5.879999999999999671e-01 1.370000000000000107e-01 4.500000000000000000e+00 1.000000000000000021e-03 5.000000000000000000e+00
1.173699999999999299e+00 4.000000000000000083e-02 1.191142663156766268e+01 1.560702928391413113e-01 5.879999999999999671e-01 1.370000000000000107e-01 4.500000000000000000e+00 1.000000000000000021e-03 5.000000000000000000e+00
1.107699999999998575e+00 4.000000000000000083e-02 1.219512195121951237e+01 1.635930993456276017e-01 5.879999999999999671e-01 1.370000000000000107e-01 4.500000000000000000e+00 1.000000000000000021e-03 5.000000000000000000e+00
1.131699999999999484e+00 4.000000000000000083e-02 1.197289336941165239e+01 1.576851931988316746e-01 5.879999999999999671e-01 1.370000000000000107e-01 4.500000000000000000e+00 1.000000000000000021e-03 5.000000000000000000e+00
1.212699999999999001e+00 4.000000000000000083e-02 1.285181853232232285e+01 1.816861635465178704e-01 5.879999999999999671e-01 1.370000000000000107e-01 4.500000000000000000e+00 1.000000000000000021e-03 5.000000000000000000e+00
1.376700000000000479e+00 4.000000000000000083e-02 1.223406207563097148e+01 6.884924644038031838e-01 5.879999999999999671e-01 1.370000000000000107e-01 4.500000000000000000e+00 1.000000000000000021e-03 5.000000000000000000e+00
1.182699999999999640e+00 4.000000000000000083e-02 1.229150534065907152e+01 1.661892138933955265e-01 5.879999999999999671e-01 1.370000000000000107e-01 4.500000000000000000e+00 1.000000000000000021e-03 5.000000000000000000e+00
1.137699999999999712e+00 4.000000000000000083e-02 1.162088039789894367e+01 6.077018755002235872e-01 5.879999999999999671e-01 1.370000000000000107e-01 4.500000000000000000e+00 1.000000000000000021e-03 5.000000000000000000e+00
1.266700000000001047e+00 4.000000000000000083e-02 1.221762025192732892e+01 1.641972690823353120e-01 5.879999999999999671e-01 1.370000000000000107e-01 4.500000000000000000e+00 1.000000000000000021e-03 5.000000000000000000e+00
1.246699999999999697e+00 4.000000000000000083e-02 1.192037191560376641e+01 1.563047932669465179e-01 5.879999999999999671e-01 1.370000000000000107e-01 4.500000000000000000e+00 1.000000000000000021e-03 5.000000000000000000e+00
1.114699999999998248e+00 4.000000000000000083e-02 1.355105359441696677e+01 2.019941588706370972e-01 5.879999999999999671e-01 1.370000000000000107e-01 4.500000000000000000e+00 1.000000000000000021e-03 5.000000000000000000e+00
1.237699999999999356e+00 4.000000000000000083e-02 1.259461706066826991e+01 7.138097050719430792e-01 5.879999999999999671e-01 1.370000000000000107e-01 4.500000000000000000e+00 1.000000000000000021e-03 5.000000000000000000e+00
1.215699999999999115e+00 4.000000000000000083e-02 1.293912143365465361e+01 1.841629498223474048e-01 5.879999999999999671e-01 1.370000000000000107e-01 4.500000000000000000e+00 1.000000000000000021e-03 5.000000000000000000e+00
1.226700000000000124e+00 4.000000000000000083e-02 1.221896383186705748e+01 1.642333848369228466e-01 5.879999999999999671e-01 1.370000000000000107e-01 4.500000000000000000e+00 1.000000000000000021e-03 5.000000000000000000e+00
1.276699999999999058e+00 4.000000000000000083e-02 1.226677788545282866e+01 1.655212236601380227e-01 5.879999999999999671e-01 1.370000000000000107e-01 4.500000000000000000e+00 1.000000000000000021e-03 5.000000000000000000e+00
1.219700000000000450e+00 4.000000000000000083e-02 1.303407106175542829e+01 7.814802388372953379e-01 5.879999999999999671e-01 1.370000000000000107e-01 4.500000000000000000e+00 1.000000000000000021e-03 5.000000000000000000e+00
1.327699999999999214e+00 4.000000000000000083e-02 1.396082592246157361e+01 2.143951264810025625e-01 5.879999999999999671e-01 1.370000000000000107e-01 4.500000000000000000e+00 1.000000000000000021e-03 5.000000000000000000e+00
1.373699999999998589e+00 4.000000000000000083e-02 1.262323432509877641e+01 1.752806493089871798e-01 5.879999999999999671e-01 1.370000000000000107e-01 4.500000000000000000e+00 1.000000000000000021e-03 5.000000000000000000e+00
1.384700000000001374e+00 4.000000000000000083e-02 1.410616298260710266e+01 2.188822175010624038e-01 5.879999999999999671e-01 1.370000000000000107e-01 4.500000000000000000e+00 1.000000000000000021e-03 5.000000000000000000e+00
1.297699999999999854e+00 4.000000000000000083e-02 1.411771349512233087e+01 2.192408177633951016e-01 5.879999999999999671e-01 1.370000000000000107e-01 4.500000000000000000e+00 1.000000000000000021e-03 5.000000000000000000e+00
1.236699999999999910e+00 4.000000000000000083e-02 1.293962371574234638e+01 1.841772480955019275e-01 5.879999999999999671e-01 1.370000000000000107e-01 4.500000000000000000e+00 1.000000000000000021e-03 5.000000000000000000e+00
1.364700000000000024e+00 4.000000000000000083e-02 1.428408181922065978e+01 2.244384927600092394e-01 5.879999999999999671e-01 1.370000000000000107e-01 4.500000000000000000e+00 1.000000000000000021e-03 5.000000000000000000e+00
1.319700000000000095e+00 4.000000000000000083e-02 1.366736370221548036e+01 2.054765136255009839e-01 5.879999999999999671e-01 1.370000000000000107e-01 4.500000000000000000e+00 1.000000000000000021e-03 5.000000000000000000e+00
1.442699999999997651e+00 4.000000000000000083e-02 1.484538531197577171e+01 1.035811685786822034e+00 5.879999999999999671e-01 1.370000000000000107e-01 4.500000000000000000e+00 1.000000000000000021e-03 5.000000000000000000e+00
1.317699999999999427e+00 4.000000000000000083e-02 1.241834935300399856e+01 1.696369407185803202e-01 5.879999999999999671e-01 1.370000000000000107e-01 4.500000000000000000e+00 1.000000000000000021e-03 5.000000000000000000e+00
1.470699999999999896e+00 4.000000000000000083e-02 1.379158161858001819e+01 1.236350203022702487e+00 5.879999999999999671e-01 1.370000000000000107e-01 4.500000000000000000e+00 1.000000000000000021e-03 5.000000000000000000e+00
1.447700000000000209e+00 4.000000000000000083e-02 1.335202616997129255e+01 8.379000333649119225e-01 5.879999999999999671e-01 1.370000000000000107e-01 4.500000000000000000e+00 1.000000000000000021e-03 5.000000000000000000e+00
1.335699999999998333e+00 4.000000000000000083e-02 1.413787253294124291e+01 9.394333668611639654e-01 5.879999999999999671e-01 1.370000000000000107e-01 4.500000000000000000e+00 1.000000000000000021e-03 5.000000000000000000e+00
1.346700000000001118e+00 4.000000000000000083e-02 1.552192471866511525e+01 2.891161763662885020e-01 5.879999999999999671e-01 1.370000000000000107e-01 4.500000000000000000e+00 1.000000000000000021e-03 5.000000000000000000e+00
1.424700000000000522e+00 4.000000000000000083e-02 1.567127924652489135e+01 2.701478925448179691e-01 5.879999999999999671e-01 1.370000000000000107e-01 4.500000000000000000e+00 1.000000000000000021e-03 5.000000000000000000e+00
1.456699999999998774e+00 4.000000000000000083e-02 1.586772663080560619e+01 1.535886965422862627e+00 5.879999999999999671e-01 1.370000000000000107e-01 4.500000000000000000e+00 1.000000000000000021e-03 5.000000000000000000e+00
7.796999999999992825e-01 4.000000000000000083e-02 8.431632111027731469e+00 7.820166206128535691e-02 5.879999999999999671e-01 1.370000000000000107e-01 4.500000000000000000e+00 1.000000000000000021e-03 5.000000000000000000e+00
7.707000000000007178e-01 4.000000000000000083e-02 9.652416482466385617e+00 1.024860583460876218e-01 5.879999999999999671e-01 1.370000000000000107e-01 4.500000000000000000e+00 1.000000000000000021e-03 5.000000000000000000e+00
7.157000000000010020e-01 4.000000000000000083e-02 8.791904414415206759e+00 8.502734155543495431e-02 5.879999999999999671e-01 1.370000000000000107e-01 4.500000000000000000e+00 1.000000000000000021e-03 5.000000000000000000e+00
7.537000000000012578e-01 4.000000000000000083e-02 9.048463570885663998e+00 3.684361184714022297e-01 5.879999999999999671e-01 1.370000000000000107e-01 4.500000000000000000e+00 1.000000000000000021e-03 5.000000000000000000e+00
7.496999999999999220e-01 4.000000000000000083e-02 8.840873124629787583e+00 8.597714136638140436e-02 5.879999999999999671e-01 1.370000000000000107e-01 4.500000000000000000e+00 1.000000000000000021e-03 5.000000000000000000e+00
7.867000000000007320e-01 4.000000000000000083e-02 8.696559641006016861e+00 8.319316454853219189e-02 5.879999999999999671e-01 1.370000000000000107e-01 4.500000000000000000e+00 1.000000000000000021e-03 5.000000000000000000e+00
8.147000000000012010e-01 4.000000000000000083e-02 7.986136067786323345e+00 7.015620622251736438e-02 5.879999999999999671e-01 1.370000000000000107e-01 4.500000000000000000e+00 1.000000000000000021e-03 5.000000000000000000e+00
7.347000000000011299e-01 4.000000000000000083e-02 8.972230945224529464e+00 1.489267170487226011e+00 5.879999999999999671e-01 1.370000000000000107e-01 4.500000000000000000e+00 1.000000000000000021e-03 5.000000000000000000e+00
7.807000000000005047e-01 4.000000000000000083e-02 9.497307513319974248e+00 1.668678725047434419e+00 5.879999999999999671e-01 1.370000000000000107e-01 4.500000000000000000e+00 1.000000000000000021e-03 5.000000000000000000e+00
8.116999999999993110e-01 4.000000000000000083e-02 9.459306065307048428e+00 9.842631836087019359e-02 5.879999999999999671e-01 1.370000000000000107e-01 4.500000000000000000e+00 1.000000000000000021e-03 5.000000000000000000e+00
9.807000000000015705e-01 4.000000000000000083e-02 1.112112011921840704e+01 1.360472439766929054e-01 5.879999999999999671e-01 1.370000000000000107e-01 4.500000000000000000e+00 1.000000000000000021e-03 5.000000000000000000e+00
8.007000000000000783e-01 4.000000000000000083e-02 8.885966393275101183e+00 8.685643861665597043e-02 5.879999999999999671e-01 1.370000000000000107e-01 4.500000000000000000e+00 1.000000000000000021e-03 5.000000000000000000e+00
7.896999999999990694e-01 4.000000000000000083e-02 8.651267410675664848e+00 8.232887059212071201e-02 5.879999999999999671e-01 1.370000000000000107e-01 4.500000000000000000e+00 1.000000000000000021e-03 5.000000000000000000e+00
8.116999999999993110e-01 4.000000000000000083e-02 8.901390397180039216e+00 1.465842893555666882e+00 5.879999999999999671e-01 1.370000000000000107e-01 4.500000000000000000e+00 1.000000000000000021e-03 5.000000000000000000e+00
8.216999999999990978e-01 4.000000000000000083e-02 7.955133049600253692e+00 6.961255602052646152e-02 5.879999999999999671e-01 1.370000000000000107e-01 4.500000000000000000e+00 1.000000000000000021e-03 5.000000000000000000e+00
7.867000000000007320e-01 4.000000000000000083e-02 9.253433023651775002e+00 1.584081420379370719e+00 5.879999999999999671e-01 1.370000000000000107e-01 4.500000000000000000e+00 1.000000000000000021e-03 5.000000000000000000e+00
8.957000000000007178e-01 4.000000000000000083e-02 9.262003556609366584e+00 9.436318087090901641e-02 5.879999999999999671e-01 1.370000000000000107e-01 4.500000000000000000e+00 1.000000000000000021e-03 5.000000000000000000e+00
8.097000000000004194e-01 4.000000000000000083e-02 9.722802889617019773e+00 1.039861856333795798e-01 5.879999999999999671e-01 1.370000000000000107e-01 4.500000000000000000e+00 1.000000000000000021e-03 5.000000000000000000e+00
7.957000000000010731e-01 4.000000000000000083e-02 8.998632207904398328e+00 3.643892172591047252e-01 5.879999999999999671e-01 1.370000000000000107e-01 4.500000000000000000e+00 1.000000000000000021e-03 5.000000000000000000e+00
8.556999999999997941e-01 4.000000000000000083e-02 1.038551013625789388e+01 1.186447028693470018e-01 5.879999999999999671e-01 1.370000000000000107e-01 4.500000000000000000e+00 1.000000000000000021e-03 5.000000000000000000e+00
9.917000000000008031e-01 4.000000000000000083e-02 1.008491498416668364e+01 1.118760612616566813e-01 5.879999999999999671e-01 1.370000000000000107e-01 4.500000000000000000e+00 1.000000000000000021e-03 5.000000000000000000e+00
8.946999999999994957e-01 4.000000000000000083e-02 9.123837851153709266e+00 9.156885884755965044e-02 5.879999999999999671e-01 1.370000000000000107e-01 4.500000000000000000e+00 1.000000000000000021e-03 5.000000000000000000e+00
8.857000000000009310e-01 4.000000000000000083e-02 9.296877178955588406e+00 9.507511780864374984e-02 5.879999999999999671e-01 1.370000000000000107e-01 4.500000000000000000e+00 1.000000000000000021e-03 5.000000000000000000e+00
9.266999999999995241e-01 4.000000000000000083e-02 9.790004405501981921e+00 1.054286048857230595e-01 5.879999999999999671e-01 1.370000000000000107e-01 4.500000000000000000e+00 1.000000000000000021e-03 5.000000000000000000e+00
9.036999999999998368e-01 4.000000000000000083e-02 7.973337160535169943e+00 6.993151602312816517e-02 5.879999999999999671e-01 1.370000000000000107e-01 4.500000000000000000e+00 1.000000000000000021e-03 5.000000000000000000e+00
8.517000000000002347e-01 4.000000000000000083e-02 9.132837115850039211e+00 9.174958516311287893e-02 5.879999999999999671e-01 1.370000000000000107e-01 4.500000000000000000e+00 1.000000000000000021e-03 5.000000000000000000e+00
9.337000000000009736e-01 4.000000000000000083e-02 9.501277921880493693e+00 9.930171036369507542e-02 5.879999999999999671e-01 1.370000000000000107e-01 4.500000000000000000e+00 1.000000000000000021e-03 5.000000000000000000e+00
8.837000000000002631e-01 4.000000000000000083e-02 9.269816550330469695e+00 9.452244876445875521e-02 5.879999999999999671e-01 1.370000000000000107e-01 4.500000000000000000e+00 1.000000000000000021e-03 5.000000000000000000e+00
9.176999999999991831e-01 4.000000000000000083e-02 9.178606503960567764e+00 9.267149909000196861e-02 5.879999999999999671e-01 1.370000000000000107e-01 4.500000000000000000e+00 1.000000000000000021e-03 5.000000000000000000e+00
8.856999999999991546e-01 4.000000000000000083e-02 8.955036760425901576e+00 1.483564642540715628e+00 5.879999999999999671e-01 1.370000000000000107e-01 4.500000000000000000e+00 1.000000000000000021e-03 5.000000000000000000e+00
9.197000000000016273e-01 4.000000000000000083e-02 9.804786696865409823e+00 4.326022897696300551e-01 5.879999999999999671e-01 1.370000000000000107e-01 4.500000000000000000e+00 1.000000000000000021e-03 5.000000000000000000e+00
8.416999999999986715e-01 4.000000000000000083e-02 1.085234302085820346e+01 1.295506839466067373e-01 5.879999999999999671e-01 1.370000000000000107e-01 4.500000000000000000e+00 1.000000000000000021e-03 5.000000000000000000e+00
8.826999999999990409e-01 4.000000000000000083e-02 9.481638806451305967e+00 9.889162190160369348e-02 5.879999999999999671e-01 1.370000000000000107e-01 4.500000000000000000e+00 1.000000000000000021e-03 5.000000000000000000e+00
9.237000000000011868e-01 4.000000000000000083e-02 9.620564919572077045e+00 1.018107963088709933e-01 5.879999999999999671e-01 1.370000000000000107e-01 4.500000000000000000e+00 1.000000000000000021e-03 5.000000000000000000e+00
8.457000000000000073e-01 4.000000000000000083e-02 9.220754073268111028e+00 9.352453624765950935e-02 5.879999999999999671e-01 1.370000000000000107e-01 4.500000000000000000e+00 1.000000000000000021e-03 5.000000000000000000e+00
8.617000000000000215e-01 4.000000000000000083e-02 9.158767229930850462e+00 1.551835817683021590e+00 5.879999999999999671e-01 1.370000000000000107e-01 4.500000000000000000e+00 1.000000000000000021e-03 5.000000000000000000e+00
9.567000000000006610e-01 4.000000000000000083e-02 1.222060638648889785e+01 1.642775424988425770e-01 5.879999999999999671e-01 1.370000000000000107e-01 4.500000000000000000e+00 1.000000000000000021e-03 5.000000000000000000e+00
9.406999999999988704e-01 4.000000000000000083e-02 9.589474592687066590e+00 1.011538252601698745e-01 5.879999999999999671e-01 1.370000000000000107e-01 4.500000000000000000e+00 1.000000000000000021e-03 5.000000000000000000e+00
9.657000000000010020e-01 4.000000000000000083e-02 1.053241350255411035e+01 1.220249076076625611e-01 5.879999999999999671e-01 1.370000000000000107e-01 4.500000000000000000e+00 1.000000000000000021e-03 5.000000000000000000e+00
1.031699999999999839e+00 4.000000000000000083e-02 9.935617200540496796e+00 1.085881380712438171e-01 5.879999999999999671e-01 1.370000000000000107e-01 4.500000000000000000e+00 1.000000000000000021e-03 5.000000000000000000e+00
9.157000000000002915e-01 4.000000000000000083e-02 1.046769668802076758e+01 1.205299413476410425e-01 5.879999999999999671e-01 1.370000000000000107e-01 4.500000000000000000e+00 1.000000000000000021e-03 5.000000000000000000e+00
9.326999999999997515e-01 4.000000000000000083e-02 9.975858422617266186e+00 4.478298807064673426e-01 5.879999999999999671e-01 1.370000000000000107e-01 4.500000000000000000e+00 1.000000000000000021e-03 5.000000000000000000e+00
1.178699999999998305e+00 4.000000000000000083e-02 1.298482074454962110e+01 1.854661267448947937e-01 5.879999999999999671e-01 1.370000000000000107e-01 4.500000000000000000e+00 1.000000000000000021e-03 5.000000000000000000e+00
9.246999999999988562e-01 4.000000000000000083e-02 9.270246217739543937e+00 3.867185922188143832e-01 5.879999999999999671e-01 1.370000000000000107e-01 4.500000000000000000e+00 1.000000000000000021e-03 5.000000000000000000e+00
9.867000000000000215e-01 4.000000000000000083e-02 1.049703458772896703e+01 1.212065086495760780e-01 5.879999999999999671e-01 1.370000000000000107e-01 4.500000000000000000e+00 1.000000000000000021e-03 5.000000000000000000e+00
1.051699999999999413e+00 4.000000000000000083e-02 1.128579006173327137e+01 1.401059630492692276e-01 5.879999999999999671e-01 1.370000000000000107e-01 4.500000000000000000e+00 1.000000000000000021e-03 5.000000000000000000e+00
9.976999999999992541e-01 4.000000000000000083e-02 1.111704019921736020e+01 2.286388781633772904e+00 5.879999999999999671e-01 1.370000000000000107e-01 4.500000000000000000e+00 1.000000000000000021e-03 5.000000000000000000e+00
9.066999999999999504e-01 4.000000000000000083e-02 1.032322001878826079e+01 4.795599220033980870e-01 5.879999999999999671e-01 1.370000000000000107e-01 4.500000000000000000e+00 1.000000000000000021e-03 5.000000000000000000e+00
9.217000000000005189e-01 4.000000000000000083e-02 8.607111195269531834e+00 8.149059944050753013e-02 5.879999999999999671e-01 1.370000000000000107e-01 4.500000000000000000e+00 1.000000000000000021e-03 5.000000000000000000e+00
1.060699999999999754e+00 4.000000000000000083e-02 1.074044637295126137e+01 2.134107983369474937e+00 5.879999999999999671e-01 1.370000000000000107e-01 4.500000000000000000e+00 1.000000000000000021e-03 5.000000000000000000e+00
9.836999999999999078e-01 4.000000000000000083e-02 1.056412423410099422e+01 5.022032437508395786e-01 5.879999999999999671e-01 1.370000000000000107e-01 4.500000000000000000e+00 1.000000000000000021e-03 5.000000000000000000e+00
1.016699999999999271e+00 4.000000000000000083e-02 1.095242267589590845e+01 5.398000311216549774e-01 5.879999999999999671e-01 1.370000000000000107e-01 4.500000000000000000e+00 1.000000000000000021e-03 5.000000000000000000e+00
1.064700000000001090e+00 4.000000000000000083e-02 1.132964742137224690e+01 1.411970017618675022e-01 5.879999999999999671e-01 1.370000000000000107e-01 4.500000000000000000e+00 1.000000000000000021e-03 5.000000000000000000e+00
1.074699999999999100e+00 4.000000000000000083e-02 1.122952016260345154e+01 5.674595538704284570e-01 5.879999999999999671e-01 1.370000000000000107e-01 4.500000000000000000e+00 1.000000000000000021e-03 5.000000000000000000e+00
9.927000000000002489e-01 4.000000000000000083e-02 1.056066574436852612e+01 1.226804270607067260e-01 5.879999999999999671e-01 1.370000000000000107e-01 4.500000000000000000e+00 1.000000000000000021e-03 5.000000000000000000e+00
1.101700000000000124e+00 4.000000000000000083e-02 1.308061583539353023e+01 3.233837450966496441e+00 5.879999999999999671e-01 1.370000000000000107e-01 4.500000000000000000e+00 1.000000000000000021e-03 5.000000000000000000e+00
3.747999999999998000e-01 4.000000000000000083e-02 9.200000000000000400e-01 1.000000000000000021e-02 1.100000000000000089e+00 2.000000000000000111e-01 4.500000000000000000e+00 1.000000000000000021e-03 6.000000000000000000e+00
3.846000000000013852e-01 4.000000000000000083e-02 9.599999999999999645e-01 1.000000000000000021e-02 1.100000000000000089e+00 2.000000000000000111e-01 4.500000000000000000e+00 1.000000000000000021e-03 6.000000000000000000e+00
4.629999999999996341e-01 4.000000000000000083e-02 1.290000000000000036e+00 2.099999999999999922e-01 1.100000000000000089e+00 2.000000000000000111e-01 4.500000000000000000e+00 1.000000000000000021e-03 6.000000000000000000e+00
5.218000000000001526e-01 4.000000000000000083e-02 1.360000000000000098e+00 1.000000000000000021e-02 1.100000000000000089e+00 2.000000000000000111e-01 4.500000000000000000e+00 1.000000000000000021e-03 6.000000000000000000e+00
4.041999999999992266e-01 4.000000000000000083e-02 1.600000000000000089e+00 2.200000000000000011e-01 1.100000000000000089e+00 2.000000000000000111e-01 4.500000000000000000e+00 1.000000000000000021e-03 6.000000000000000000e+00
4.727999999999994429e-01 4.000000000000000083e-02 2.029999999999999805e+00 5.999999999999999778e-02 1.100000000000000089e+00 2.000000000000000111e-01 4.500000000000000000e+00 1.000000000000000021e-03 6.000000000000000000e+00
3.943999999999994177e-01 4.000000000000000083e-02 2.500000000000000000e+00 1.000000000000000021e-02 1.100000000000000089e+00 2.000000000000000111e-01 4.500000000000000000e+00 1.000000000000000021e-03 6.000000000000000000e+00
6.786000000000003141e-01 4.000000000000000083e-02 2.529999999999999805e+00 8.999999999999999667e-02 1.100000000000000089e+00 2.000000000000000111e-01 4.500000000000000000e+00 1.000000000000000021e-03 6.000000000000000000e+00
5.120000000000003437e-01 4.000000000000000083e-02 4.349999999999999645e+00 1.300000000000000044e-01 1.100000000000000089e+00 2.000000000000000111e-01 4.500000000000000000e+00 1.000000000000000021e-03 6.000000000000000000e+00
4.825999999999992518e-01 4.000000000000000083e-02 4.820000000000000284e+00 8.999999999999999667e-02 1.100000000000000089e+00 2.000000000000000111e-01 4.500000000000000000e+00 1.000000000000000021e-03 6.000000000000000000e+00
5.413999999999997703e-01 4.000000000000000083e-02 5.730000000000000426e+00 4.899999999999999911e-01 1.100000000000000089e+00 2.000000000000000111e-01 4.500000000000000000e+00 1.000000000000000021e-03 6.000000000000000000e+00
5.120000000000003437e-01 4.000000000000000083e-02 6.330000000000000071e+00 2.399999999999999911e-01 1.100000000000000089e+00 2.000000000000000111e-01 4.500000000000000000e+00 1.000000000000000021e-03 6.000000000000000000e+00
5.218000000000001526e-01 4.000000000000000083e-02 7.169999999999999929e+00 1.300000000000000044e-01 1.100000000000000089e+00 2.000000000000000111e-01 4.500000000000000000e+00 1.000000000000000021e-03 6.000000000000000000e+00
5.413999999999997703e-01 4.000000000000000083e-02 8.369999999999999218e+00 1.499999999999999944e-01 1.100000000000000089e+00 2.000000000000000111e-01 4.500000000000000000e+00 1.000000000000000021e-03 6.000000000000000000e+00
5.413999999999997703e-01 4.000000000000000083e-02 8.800000000000000711e+00 1.700000000000000122e-01 1.100000000000000089e+00 2.000000000000000111e-01 4.500000000000000000e+00 1.000000000000000021e-03 6.000000000000000000e+00
5.413999999999997703e-01 4.000000000000000083e-02 8.849999999999999645e+00 1.100000000000000006e-01 1.100000000000000089e+00 2.000000000000000111e-01 4.500000000000000000e+00 1.000000000000000021e-03 6.000000000000000000e+00
5.218000000000001526e-01 4.000000000000000083e-02 9.039999999999999147e+00 1.700000000000000122e-01 1.100000000000000089e+00 2.000000000000000111e-01 4.500000000000000000e+00 1.000000000000000021e-03 6.000000000000000000e+00
5.707999999999990859e-01 4.000000000000000083e-02 9.269999999999999574e+00 5.999999999999999778e-01 1.100000000000000089e+00 2.000000000000000111e-01 4.500000000000000000e+00 1.000000000000000021e-03 6.000000000000000000e+00
6.197999999999997955e-01 4.000000000000000083e-02 9.560000000000000497e+00 1.400000000000000133e-01 1.100000000000000089e+00 2.000000000000000111e-01 4.500000000000000000e+00 1.000000000000000021e-03 6.000000000000000000e+00
6.197999999999997955e-01 4.000000000000000083e-02 9.619999999999999218e+00 3.599999999999999867e-01 1.100000000000000089e+00 2.000000000000000111e-01 4.500000000000000000e+00 1.000000000000000021e-03 6.000000000000000000e+00
5.904000000000004800e-01 4.000000000000000083e-02 9.619999999999999218e+00 2.399999999999999911e-01 1.100000000000000089e+00 2.000000000000000111e-01 4.500000000000000000e+00 1.000000000000000021e-03 6.000000000000000000e+00
5.609999999999992770e-01 4.000000000000000083e-02 9.720000000000000639e+00 2.200000000000000011e-01 1.100000000000000089e+00 2.000000000000000111e-01 4.500000000000000000e+00 1.000000000000000021e-03 6.000000000000000000e+00
5.413999999999997703e-01 4.000000000000000083e-02 9.779999999999999361e+00 3.900000000000000133e-01 1.100000000000000089e+00 2.000000000000000111e-01 4.500000000000000000e+00 1.000000000000000021e-03 6.000000000000000000e+00
5.708000000000008622e-01 4.000000000000000083e-02 9.859999999999999432e+00 3.400000000000000244e-01 1.100000000000000089e+00 2.000000000000000111e-01 4.500000000000000000e+00 1.000000000000000021e-03 6.000000000000000000e+00
8.158000000000008578e-01 4.000000000000000083e-02 9.900000000000000355e+00 2.800000000000000266e-01 1.100000000000000089e+00 2.000000000000000111e-01 4.500000000000000000e+00 1.000000000000000021e-03 6.000000000000000000e+00
6.001999999999985125e-01 4.000000000000000083e-02 9.949999999999999289e+00 2.500000000000000000e-01 1.100000000000000089e+00 2.000000000000000111e-01 4.500000000000000000e+00 1.000000000000000021e-03 6.000000000000000000e+00
8.354000000000003645e-01 4.000000000000000083e-02 9.980000000000000426e+00 6.600000000000000311e-01 1.100000000000000089e+00 2.000000000000000111e-01 4.500000000000000000e+00 1.000000000000000021e-03 6.000000000000000000e+00
8.158000000000008578e-01 4.000000000000000083e-02 1.003999999999999915e+01 2.999999999999999889e-01 1.100000000000000089e+00 2.000000000000000111e-01 4.500000000000000000e+00 1.000000000000000021e-03 6.000000000000000000e+00
5.904000000000004800e-01 4.000000000000000083e-02 1.003999999999999915e+01 3.599999999999999867e-01 1.100000000000000089e+00 2.000000000000000111e-01 4.500000000000000000e+00 1.000000000000000021e-03 6.000000000000000000e+00
6.099999999999999867e-01 4.000000000000000083e-02 1.023000000000000043e+01 5.699999999999999512e-01 1.100000000000000089e+00 2.000000000000000111e-01 4.500000000000000000e+00 1.000000000000000021e-03 6.000000000000000000e+00
6.394000000000010786e-01 4.000000000000000083e-02 1.026999999999999957e+01 5.799999999999999600e-01 1.100000000000000089e+00 2.000000000000000111e-01 4.500000000000000000e+00 1.000000000000000021e-03 6.000000000000000000e+00
6.295999999999996044e-01 4.000000000000000083e-02 1.026999999999999957e+01 3.699999999999999956e-01 1.100000000000000089e+00 2.000000000000000111e-01 4.500000000000000000e+00 1.000000000000000021e-03 6.000000000000000000e+00
6.393999999999994133e-01 4.000000000000000083e-02 1.028999999999999915e+01 2.700000000000000178e-01 1.100000000000000089e+00 2.000000000000000111e-01 4.500000000000000000e+00 1.000000000000000021e-03 6.000000000000000000e+00
6.393999999999994133e-01 4.000000000000000083e-02 1.032000000000000028e+01 3.499999999999999778e-01 1.100000000000000089e+00 2.000000000000000111e-01 4.500000000000000000e+00 1.000000000000000021e-03 6.000000000000000000e+00
6.099999999999999867e-01 4.000000000000000083e-02 1.033000000000000007e+01 9.599999999999999645e-01 1.100000000000000089e+00 2.000000000000000111e-01 4.500000000000000000e+00 1.000000000000000021e-03 6.000000000000000000e+00
7.569999999999985629e-01 4.000000000000000083e-02 1.036999999999999922e+01 3.099999999999999978e-01 1.100000000000000089e+00 2.000000000000000111e-01 4.500000000000000000e+00 1.000000000000000021e-03 6.000000000000000000e+00
6.393999999999994133e-01 4.000000000000000083e-02 1.043999999999999950e+01 2.800000000000000266e-01 1.100000000000000089e+00 2.000000000000000111e-01 4.500000000000000000e+00 1.000000000000000021e-03 6.000000000000000000e+00
7.961999999999994637e-01 4.000000000000000083e-02 1.047000000000000064e+01 3.900000000000000133e-01 1.100000000000000089e+00 2.000000000000000111e-01 4.500000000000000000e+00 1.000000000000000021e-03 6.000000000000000000e+00
6.688000000000005052e-01 4.000000000000000083e-02 1.049000000000000021e+01 4.199999999999999845e-01 1.100000000000000089e+00 2.000000000000000111e-01 4.500000000000000000e+00 1.000000000000000021e-03 6.000000000000000000e+00
8.158000000000008578e-01 4.000000000000000083e-02 1.058999999999999986e+01 5.400000000000000355e-01 1.100000000000000089e+00 2.000000000000000111e-01 4.500000000000000000e+00 1.000000000000000021e-03 6.000000000000000000e+00
6.393999999999994133e-01 4.000000000000000083e-02 1.064000000000000057e+01 5.799999999999999600e-01 1.100000000000000089e+00 2.000000000000000111e-01 4.500000000000000000e+00 1.000000000000000021e-03 6.000000000000000000e+00
8.059999999999992726e-01 4.000000000000000083e-02 1.066999999999999993e+01 3.200000000000000067e-01 1.100000000000000089e+00 2.000000000000000111e-01 4.500000000000000000e+00 1.000000000000000021e-03 6.000000000000000000e+00
7.570000000000021156e-01 4.000000000000000083e-02 1.073000000000000043e+01 3.499999999999999778e-01 1.100000000000000089e+00 2.000000000000000111e-01 4.500000000000000000e+00 1.000000000000000021e-03 6.000000000000000000e+00
8.059999999999992726e-01 4.000000000000000083e-02 1.074000000000000021e+01 8.900000000000000133e-01 1.100000000000000089e+00 2.000000000000000111e-01 4.500000000000000000e+00 1.000000000000000021e-03 6.000000000000000000e+00
7.962000000000012401e-01 4.000000000000000083e-02 1.075000000000000000e+01 2.300000000000000100e-01 1.100000000000000089e+00 2.000000000000000111e-01 4.500000000000000000e+00 1.000000000000000021e-03 6.000000000000000000e+00
6.785999999999985377e-01 4.000000000000000083e-02 1.075000000000000000e+01 1.900000000000000022e-01 1.100000000000000089e+00 2.000000000000000111e-01 4.500000000000000000e+00 1.000000000000000021e-03 6.000000000000000000e+00
6.982000000000015971e-01 4.000000000000000083e-02 1.075000000000000000e+01 4.199999999999999845e-01 1.100000000000000089e+00 2.000000000000000111e-01 4.500000000000000000e+00 1.000000000000000021e-03 6.000000000000000000e+00
7.471999999999987541e-01 4.000000000000000083e-02 1.075999999999999979e+01 3.200000000000000067e-01 1.100000000000000089e+00 2.000000000000000111e-01 4.500000000000000000e+00 1.000000000000000021e-03 6.000000000000000000e+00
7.765999999999981807e-01 4.000000000000000083e-02 1.075999999999999979e+01 2.800000000000000266e-01 1.100000000000000089e+00 2.000000000000000111e-01 4.500000000000000000e+00 1.000000000000000021e-03 6.000000000000000000e+00
6.687999999999987288e-01 4.000000000000000083e-02 1.082000000000000028e+01 4.899999999999999911e-01 1.100000000000000089e+00 2.000000000000000111e-01 4.500000000000000000e+00 1.000000000000000021e-03 6.000000000000000000e+00
7.962000000000012401e-01 4.000000000000000083e-02 1.082000000000000028e+01 2.500000000000000000e-01 1.100000000000000089e+00 2.000000000000000111e-01 4.500000000000000000e+00 1.000000000000000021e-03 6.000000000000000000e+00
6.002000000000001778e-01 4.000000000000000083e-02 1.084999999999999964e+01 3.499999999999999778e-01 1.100000000000000089e+00 2.000000000000000111e-01 4.500000000000000000e+00 1.000000000000000021e-03 6.000000000000000000e+00
7.570000000000021156e-01 4.000000000000000083e-02 1.090000000000000036e+01 1.159999999999999920e+00 1.100000000000000089e+00 2.000000000000000111e-01 4.500000000000000000e+00 1.000000000000000021e-03 6.000000000000000000e+00
9.137999999999987244e-01 4.000000000000000083e-02 1.094999999999999929e+01 1.400000000000000133e-01 1.100000000000000089e+00 2.000000000000000111e-01 4.500000000000000000e+00 1.000000000000000021e-03 6.000000000000000000e+00
6.981999999999998208e-01 4.000000000000000083e-02 1.099000000000000021e+01 2.399999999999999911e-01 1.100000000000000089e+00 2.000000000000000111e-01 4.500000000000000000e+00 1.000000000000000021e-03 6.000000000000000000e+00
7.570000000000003393e-01 4.000000000000000083e-02 1.100999999999999979e+01 4.299999999999999933e-01 1.100000000000000089e+00 2.000000000000000111e-01 4.500000000000000000e+00 1.000000000000000021e-03 6.000000000000000000e+00
8.745999999999996000e-01 4.000000000000000083e-02 1.102999999999999936e+01 7.099999999999999645e-01 1.100000000000000089e+00 2.000000000000000111e-01 4.500000000000000000e+00 1.000000000000000021e-03 6.000000000000000000e+00
5.806000000000006711e-01 4.000000000000000083e-02 1.108000000000000007e+01 5.699999999999999512e-01 1.100000000000000089e+00 2.000000000000000111e-01 4.500000000000000000e+00 1.000000000000000021e-03 6.000000000000000000e+00
9.333999999999983421e-01 4.000000000000000083e-02 1.109999999999999964e+01 4.600000000000000200e-01 1.100000000000000089e+00 2.000000000000000111e-01 4.500000000000000000e+00 1.000000000000000021e-03 6.000000000000000000e+00
6.492000000000008875e-01 4.000000000000000083e-02 1.111999999999999922e+01 1.600000000000000033e-01 1.100000000000000089e+00 2.000000000000000111e-01 4.500000000000000000e+00 1.000000000000000021e-03 6.000000000000000000e+00
8.844000000000010742e-01 4.000000000000000083e-02 1.116999999999999993e+01 1.199999999999999956e-01 1.100000000000000089e+00 2.000000000000000111e-01 4.500000000000000000e+00 1.000000000000000021e-03 6.000000000000000000e+00
7.177999999999994385e-01 4.000000000000000083e-02 1.117999999999999972e+01 1.100000000000000006e-01 1.100000000000000089e+00 2.000000000000000111e-01 4.500000000000000000e+00 1.000000000000000021e-03 6.000000000000000000e+00
8.549999999999999822e-01 4.000000000000000083e-02 1.119999999999999929e+01 7.000000000000000666e-02 1.100000000000000089e+00 2.000000000000000111e-01 4.500000000000000000e+00 1.000000000000000021e-03 6.000000000000000000e+00
6.982000000000015971e-01 4.000000000000000083e-02 1.123000000000000043e+01 9.799999999999999822e-01 1.100000000000000089e+00 2.000000000000000111e-01 4.500000000000000000e+00 1.000000000000000021e-03 6.000000000000000000e+00
6.981999999999981554e-01 4.000000000000000083e-02 1.128999999999999915e+01 2.099999999999999922e-01 1.100000000000000089e+00 2.000000000000000111e-01 4.500000000000000000e+00 1.000000000000000021e-03 6.000000000000000000e+00
6.981999999999998208e-01 4.000000000000000083e-02 1.128999999999999915e+01 2.600000000000000089e-01 1.100000000000000089e+00 2.000000000000000111e-01 4.500000000000000000e+00 1.000000000000000021e-03 6.000000000000000000e+00
6.688000000000005052e-01 4.000000000000000083e-02 1.176999999999999957e+01 2.500000000000000000e-01 1.100000000000000089e+00 2.000000000000000111e-01 4.500000000000000000e+00 1.000000000000000021e-03 6.000000000000000000e+00
7.668000000000001481e-01 4.000000000000000083e-02 1.191999999999999993e+01 4.000000000000000222e-01 1.100000000000000089e+00 2.000000000000000111e-01 4.500000000000000000e+00 1.000000000000000021e-03 6.000000000000000000e+00
8.354000000000003645e-01 4.000000000000000083e-02 1.199000000000000021e+01 3.099999999999999978e-01 1.100000000000000089e+00 2.000000000000000111e-01 4.500000000000000000e+00 1.000000000000000021e-03 6.000000000000000000e+00
5.805999999999988948e-01 4.000000000000000083e-02 1.266000000000000014e+01 3.200000000000000067e-01 1.100000000000000089e+00 2.000000000000000111e-01 4.500000000000000000e+00 1.000000000000000021e-03 6.000000000000000000e+00
7.275999999999992474e-01 4.000000000000000083e-02 1.639999999999999858e+01 1.469999999999999973e+00 1.100000000000000089e+00 2.000000000000000111e-01 4.500000000000000000e+00 1.000000000000000021e-03 6.000000000000000000e+00
8.024507103937494890e-01 4.000000000000000083e-02 9.429999999999999716e+00 4.715000000000000302e-01 5.000000000000000000e-01 1.000000000000000056e-01 4.500000000000000000e+00 1.000000000000000021e-03 7.000000000000000000e+00
1.113240280175285868e+00 4.000000000000000083e-02 1.155000000000000071e+01 5.775000000000000133e-01 5.000000000000000000e-01 1.000000000000000056e-01 4.500000000000000000e+00 1.000000000000000021e-03 7.000000000000000000e+00
1.193971813380166225e+00 4.000000000000000083e-02 1.063000000000000078e+01 5.315000000000000835e-01 5.000000000000000000e-01 1.000000000000000056e-01 4.500000000000000000e+00 1.000000000000000021e-03 7.000000000000000000e+00
1.467843549447449547e+00 4.000000000000000083e-02 1.402999999999999936e+01 7.015000000000000124e-01 5.000000000000000000e-01 1.000000000000000056e-01 4.500000000000000000e+00 1.000000000000000021e-03 7.000000000000000000e+00
1.101990032250474982e+00 4.000000000000000083e-02 1.027999999999999936e+01 5.140000000000000124e-01 5.000000000000000000e-01 1.000000000000000056e-01 4.500000000000000000e+00 1.000000000000000021e-03 7.000000000000000000e+00
1.408750815551268687e+00 4.000000000000000083e-02 1.191999999999999993e+01 5.959999999999999742e-01 5.000000000000000000e-01 1.000000000000000056e-01 4.500000000000000000e+00 1.000000000000000021e-03 7.000000000000000000e+00
1.050293891072917596e+00 4.000000000000000083e-02 1.036999999999999922e+01 5.184999999999999609e-01 5.000000000000000000e-01 1.000000000000000056e-01 4.500000000000000000e+00 1.000000000000000021e-03 7.000000000000000000e+00
1.132988659588958669e+00 4.000000000000000083e-02 1.088000000000000078e+01 5.440000000000000391e-01 5.000000000000000000e-01 1.000000000000000056e-01 4.500000000000000000e+00 1.000000000000000021e-03 7.000000000000000000e+00
1.157680795285730646e+00 4.000000000000000083e-02 1.113000000000000078e+01 5.565000000000001057e-01 5.000000000000000000e-01 1.000000000000000056e-01 4.500000000000000000e+00 1.000000000000000021e-03 7.000000000000000000e+00
1.248170134675730125e+00 4.000000000000000083e-02 1.190000000000000036e+01 5.950000000000000844e-01 5.000000000000000000e-01 1.000000000000000056e-01 4.500000000000000000e+00 1.000000000000000021e-03 7.000000000000000000e+00
1.240803394808104976e+00 4.000000000000000083e-02 1.176999999999999957e+01 5.885000000000000231e-01 5.000000000000000000e-01 1.000000000000000056e-01 4.500000000000000000e+00 1.000000000000000021e-03 7.000000000000000000e+00
8.515077749626058790e-01 4.000000000000000083e-02 9.050000000000000711e+00 4.525000000000000688e-01 5.000000000000000000e-01 1.000000000000000056e-01 4.500000000000000000e+00 1.000000000000000021e-03 7.000000000000000000e+00
7.324645690811619758e-01 4.000000000000000083e-02 8.650000000000000355e+00 4.325000000000000511e-01 5.000000000000000000e-01 1.000000000000000056e-01 4.500000000000000000e+00 1.000000000000000021e-03 7.000000000000000000e+00
9.734659479842919794e-01 4.000000000000000083e-02 9.259999999999999787e+00 4.630000000000000226e-01 5.000000000000000000e-01 1.000000000000000056e-01 4.500000000000000000e+00 1.000000000000000021e-03 7.000000000000000000e+00
6.203404049719507540e-01 4.000000000000000083e-02 7.690000000000000391e+00 3.845000000000000639e-01 5.000000000000000000e-01 1.000000000000000056e-01 4.500000000000000000e+00 1.000000000000000021e-03 7.000000000000000000e+00
8.384905040686385647e-01 4.000000000000000083e-02 8.330000000000000071e+00 4.165000000000000369e-01 5.000000000000000000e-01 1.000000000000000056e-01 4.500000000000000000e+00 1.000000000000000021e-03 7.000000000000000000e+00
8.291970720290171570e-01 4.000000000000000083e-02 8.380000000000000782e+00 4.190000000000000391e-01 5.000000000000000000e-01 1.000000000000000056e-01 4.500000000000000000e+00 1.000000000000000021e-03 7.000000000000000000e+00
1.560741905139628294e+00 4.000000000000000083e-02 1.446000000000000085e+01 7.230000000000000870e-01 5.000000000000000000e-01 1.000000000000000056e-01 4.500000000000000000e+00 1.000000000000000021e-03 7.000000000000000000e+00
1.240455808256830217e+00 4.000000000000000083e-02 9.570000000000000284e+00 4.785000000000000364e-01 5.000000000000000000e-01 1.000000000000000056e-01 4.500000000000000000e+00 1.000000000000000021e-03 7.000000000000000000e+00
1.225252480809945865e+00 4.000000000000000083e-02 1.175999999999999979e+01 5.879999999999999671e-01 5.000000000000000000e-01 1.000000000000000056e-01 4.500000000000000000e+00 1.000000000000000021e-03 7.000000000000000000e+00
1.203838566425135426e+00 4.000000000000000083e-02 1.226999999999999957e+01 6.135000000000000453e-01 5.000000000000000000e-01 1.000000000000000056e-01 4.500000000000000000e+00 1.000000000000000021e-03 7.000000000000000000e+00
1.205936255224031584e+00 4.000000000000000083e-02 1.951000000000000156e+01 9.755000000000001448e-01 5.000000000000000000e-01 1.000000000000000056e-01 4.500000000000000000e+00 1.000000000000000021e-03 7.000000000000000000e+00
5.250414740499431687e-01 4.000000000000000083e-02 6.919999999999999929e+00 3.460000000000000298e-01 5.000000000000000000e-01 1.000000000000000056e-01 4.500000000000000000e+00 1.000000000000000021e-03 7.000000000000000000e+00
1.390155760587988176e+00 4.000000000000000083e-02 1.901999999999999957e+01 9.510000000000000675e-01 5.000000000000000000e-01 1.000000000000000056e-01 4.500000000000000000e+00 1.000000000000000021e-03 7.000000000000000000e+00
1.242174119129212606e+00 4.000000000000000083e-02 1.568999999999999950e+01 7.844999999999999751e-01 5.000000000000000000e-01 1.000000000000000056e-01 4.500000000000000000e+00 1.000000000000000021e-03 7.000000000000000000e+00
7.932402549658741364e-01 4.000000000000000083e-02 7.940000000000000391e+00 3.970000000000000195e-01 5.000000000000000000e-01 1.000000000000000056e-01 4.500000000000000000e+00 1.000000000000000021e-03 7.000000000000000000e+00
1.242174119129212606e+00 4.000000000000000083e-02 1.124000000000000021e+01 5.620000000000000551e-01 5.000000000000000000e-01 1.000000000000000056e-01 4.500000000000000000e+00 1.000000000000000021e-03 7.000000000000000000e+00
1.064454959478186247e+00 4.000000000000000083e-02 1.103999999999999915e+01 5.519999999999999352e-01 5.000000000000000000e-01 1.000000000000000056e-01 4.570000000000000284e+00 1.000000000000000021e-03 7.000000000000000000e+00
6.899999999999999467e-01 1.000000000000000021e-02 2.880000000000000071e+01 2.500000000000000000e+00 6.000000000000000000e+00 1.000000000000000000e+00 4.320000000000000284e+00 1.000000000000000021e-03 8.000000000000000000e+00
9.000000000000000222e-01 1.000000000000000021e-02 3.870000000000000284e+01 5.000000000000000000e+00 6.000000000000000000e+00 1.000000000000000000e+00 4.410000000000000142e+00 5.999999999999999778e-02 8.000000000000000000e+00
6.400000000000000133e-01 1.000000000000000021e-02 2.269999999999999929e+01 5.000000000000000000e-01 3.660000000000000142e+00 2.000000000000000111e-01 4.339999999999999858e+00 7.000000000000000666e-02 8.000000000000000000e+00
6.600000000000000311e-01 1.000000000000000021e-02 3.150000000000000000e+01 6.500000000000000000e+00 6.400000000000000355e+00 4.000000000000000222e-01 4.440000000000000391e+00 1.000000000000000082e-05 8.000000000000000000e+00
6.500000000000000222e-01 1.000000000000000021e-02 2.608999999999999986e+01 1.000000000000000056e-01 4.567999999999999616e+00 1.000000000000000021e-03 4.500000000000000000e+00 1.000000000000000082e-05 8.000000000000000000e+00
